L1527/IRAS04368+2557 4:39:53.8801 +26:03:09.498
BHR7/IRAS 08124-3422 08 14 25.1  -34 31 13.1 
L483     18 17 35      -04 39 48
L1165    22 06 51.0    +59 02 43.5
L1251A   22 38 52.933  +75 11 22.52
L1251B   22 31 05.130  +75 13 37.35
L1251C   22 30 31.204  +75 14 08.92
L1152    20 35 46.45   +67 53 04.2
L1157    20 39 06.221  +68 02 17.34
CB230    21 17 38.7    +68 17 32.9
Serpens1 18 29 51      +01 16 41.86
SerpensMMS3 18:29:09.0785  +0:31:30.515
HH270 VLA1      05 51 34.5 +02 56 48
L1521F   04 28 39      +26 51 35
L1551NE          04 31 44   +18 08 29
L1551 IRS5  04 31 34   +18 07 49
HH 111 MMS      05 51 46.3 +02 48 28
IRAS 04166+2706 04 19 42.4  +27 13 35
IRAS 04325+2402 04 35 35.0 +24 08 22 
L1448-mm           03 25 38.8 +30 44 00
L1448 IRS2         3:25:22.3950 +30:45:12.925
L1448 IRS3         3:25:35.8158 +30:45:17.431
IRAS 03292+3039    03 32 18.0 +30 49 45
IRAS 03282+3035    03 31 21.0 +30 45 28
IRAS 05295+1247    05 32 19.4  +12 49 41
IRAS 16253-2429    16 28 22.2 -24 36 31
IRAS 11072-7727    11 08 37.1 -77 43 51
BHR71 12 01 37.1 -65 08 54
CB68     16 57 19.7    -16 09 25
IRAS 05329-0505 05 35 26.5 -05 03 55
L1616MMS1A      05 06 44.4 -03 21 34
L1634        05 19 48.9 -05 52 05
IRAS 09449-5052 09 46 46.46 -51 16 07
CG30  08 09 32.58  -36 05 20
RCrA IRAS 32 19 02 58.8 -37 07 35.2          
B335  19:37:00.8401 +7:34:09.271
Cepheus E 23 03 12.8 61 42 25.4
IRAS 15398-3359  	15 43 02.21016 -34 09 07.7112
Ced 110 IRS4 11:06:46.44 -77:22:32.2
HH46/47  08 25 43.6 -51 00 36
CB244    23 25 46.5    +74 17 39
L723/IRAS 19156+1906   19 17 53.16 +19 12 16.6 
DC303.8-14.2   13 07 37 -77 00 09
IRAS 04169+2702 04:19:58.45 27:09:57.1
IRAS 04302+2247 04:33:16.5 +22:53:20.4
L1489 IRS       04:04:42.85 +26:18:56.3
IRAS02086 2 13 43.683 76 15 5.10
CB6  00 49 24.30 50 44 36.00
CB17 04 04 34.0 56 56 16
L778 19 26 31.56 23 58 49.00



